camera_matrix:
- - 1366.0565857651673
  - 0.0
  - 675.2302085455239
- - 0.0
  - 1373.1613120254005
  - 390.882645329313
- - 0.0
  - 0.0
  - 1.0
dist_coeff:
- - -0.08491169139884133
  - 8.440406240928738
  - 0.004844695810445877
  - 0.009539142293772333
  - -73.52836509452719
