camera_matrix:
- - 1296.8514301185185
  - 0.0
  - 659.033624409059
- - 0.0
  - 1297.347081660116
  - 374.74006089722576
- - 0.0
  - 0.0
  - 1.0
dist_coeff:
- - 0.19676547367383354
  - -0.22561256057975246
  - 0.005258706189472863
  - 0.005569661850358521
  - -0.339696671295284
